Base.Pistol|0,0.0243365,-0.0388385|0,0.131408,-0.039064|0,0,-1
Base.Pistol2|0,0.02277249657,-0.03397199512|0,0.1332634985,-0.03419800103|0,0,-1
Base.Pistol3|0,0.003026999999,-0.03863999993|0,0.1380009949,-0.03915299848|0,0,-1
Base.Revolver|0,0.04580199718,-0.04040549695|0,0.1387649924,-0.0421295017|0,0,-1
Base.Revolver_Long|0,0.04573000222,-0.03700199723|0,0.1658445001,-0.03863050044|0,0,-1
Base.Revolver_Short|0,0.03641754389,-0.02937136032|0,0.1098279878,-0.03626655415|0,0,-1
Base.AssaultRifle|0,0.02016418613,0.05916273594|0,0.3745949864,0.0312099997|0,0,1
Base.AssaultRifle2|0,0.05129510909,0.05049167573|0,0.4475265145,0.04610800371|0,0,1
Base.DoubleBarrelShotgun|0,0.04485787824,0.03537550196|0,0.4450674653,0.03613400459|0,0,1
Base.DoubleBarrelShotgunSawnoff|0,0.04476488009,0.03536574915|0,0.263808012,0.02726699784|0,0,1
Base.HuntingRifle|0,0.05822899938,0.03849099949|0,0.4805315435,0.04448800907|0,0,1
Base.JS14_Rifle|0,0.05649252608,0.04894800112|0,0.3754790425,0.04826600105|0,0,1
Base.JS3T_Shotgun|0,0.04437137768,0.04513599724|0,0.3752741218,0.03472900391|0,0,1
Base.L92_Carbine|0,0.03605350107,0.03367400169|0,0.3852146566,0.03826299682|0,0,1
Base.L94_Rifle|0,0.03605350107,0.03367400169|0,0.3852146566,0.03826299682|0,0,1
Base.MSR7T_Rifle|0,0.05822899938,0.03849099949|0,0.4805315435,0.04448800907|0,0,1
Base.Shotgun|0,0.03563899919,0.03510926664|0,0.4391090274,0.03715300187|0,0,1
Base.ShotgunSawnoff|0,0.03564180434,0.03512073681|0,0.2712239921,0.02676000074|0,0,1
Base.TrapperCarbine|0,0.02463899925,0.03021599911|0,0.3370810151,0.03528700769|0,0,1
Base.VarmintRifle|0,0.05651000142,0.04042900354|0,0.4891405106,0.04785300046|0,0,1
